34 47

229
11 15
7 22
24 6
12 22
7 7
10 42
15 5
9 31
29 37
29 10
27 9
22 0
17 40
1 0
24 14
17 35
23 24
17 28
7 21
30 13
8 43
16 46
30 43
0 0
4 31
29 42
18 8
17 1
10 0
14 15
15 23
32 13
24 18
19 18
3 7
32 1
23 39
2 35
19 10
12 26
21 1
12 40
13 23
25 35
8 0
33 6
19 41
19 9
11 1
14 19
30 29
22 30
2 20
30 34
15 10
32 30
13 0
6 19
4 18
27 27
32 29
18 43
3 43
26 40
3 10
25 41
6 28
14 11
22 13
26 1
18 35
24 35
12 37
5 15
12 16
17 38
22 35
23 36
14 8
33 31
25 35
7 15
14 27
30 14
1 17
13 44
23 33
29 22
13 24
1 12
7 4
10 47
15 27
13 29
32 14
14 23
10 40
22 12
20 18
15 27
3 34
5 24
2 25
6 23
28 28
4 31
10 4
27 45
17 37
13 44
22 42
16 25
29 32
14 34
21 41
0 3
9 8
4 24
18 26
25 13
19 37
11 24
19 36
3 36
6 47
6 12
19 18
5 7
23 31
14 43
32 40
31 35
3 46
16 27
10 29
24 1
21 47
33 46
12 40
0 0
14 40
26 26
7 35
25 36
32 23
13 40
21 45
20 40
6 16
27 28
30 1
3 8
22 37
24 38
19 25
11 2
14 6
2 36
28 39
5 34
26 29
14 45
2 20
12 15
5 20
30 35
11 31
14 39
29 23
12 32
5 10
16 47
2 37
12 37
15 44
14 4
32 32
24 9
24 20
23 30
21 34
9 31
24 15
0 2
7 15
14 47
17 35
21 30
14 2
8 11
25 29
23 14
2 35
4 30
25 19
15 31
0 35
1 29
19 41
16 8
8 39
23 15
32 32
14 22
10 18
16 19
9 32
23 24
31 30
27 9
21 4
26 46
16 12
10 20
21 43
27 8
21 1
15 19
11 21
21 26
31 2
8 28
12 21
24 37
25 9
24 15
9 18
23 9
26 13

82
30 21
23 0
11 46
11 41
27 23
18 18
7 31
21 45
18 34
31 12
33 31
29 35
4 11
3 44
11 37
10 22
27 30
28 33
33 9
17 4
19 5
24 21
15 22
18 17
29 22
9 30
21 25
15 23
28 15
16 23
7 14
13 21
13 39
15 7
3 2
20 29
22 33
26 4
16 31
20 6
30 6
33 47
27 1
15 26
15 34
1 45
20 31
32 12
22 0
5 41
12 16
26 9
20 13
8 28
12 46
6 41
30 23
2 3
2 1
7 24
20 10
6 11
27 16
26 28
23 24
8 7
4 5
31 18
22 41
5 26
27 33
19 45
5 0
15 12
16 41
21 18
4 17
8 28
17 32
16 45
18 9
30 15
