122 36

3498
100 14
117 29
121 29
64 8
120 1
23 2
112 7
23 32
10 26
107 24
3 11
65 17
107 16
45 16
19 7
117 31
69 33
0 32
34 24
80 20
22 0
36 15
56 34
96 8
14 23
103 26
37 9
5 31
51 9
38 21
91 4
15 17
33 10
90 31
49 8
119 32
32 9
115 23
112 3
23 18
117 2
71 25
85 10
25 20
93 2
4 25
101 2
45 4
97 23
57 25
101 10
34 21
66 11
38 35
90 8
96 22
39 20
11 7
102 34
87 35
26 5
109 25
67 27
8 30
10 9
63 2
84 26
121 21
66 17
113 14
85 7
114 34
49 28
79 15
19 0
30 27
9 8
78 25
58 18
74 28
74 19
117 25
54 26
93 20
8 7
81 2
22 28
71 26
16 30
59 32
23 16
60 28
88 27
63 6
53 23
0 34
42 28
76 11
43 18
92 30
75 22
44 26
116 1
96 34
45 25
78 34
7 15
62 15
113 33
76 29
47 10
20 9
84 18
109 0
33 15
33 25
50 26
54 26
116 20
25 33
105 0
84 15
105 16
35 11
61 29
56 6
34 10
12 27
59 27
66 1
17 3
33 20
63 0
97 17
64 30
79 24
81 16
57 1
73 25
27 14
113 27
93 33
110 3
86 31
110 8
31 11
95 25
103 8
58 18
111 9
96 28
22 34
75 8
77 9
100 14
76 12
104 21
98 5
99 24
109 4
73 28
115 24
23 0
51 12
1 30
31 6
57 2
119 25
61 7
106 11
67 4
60 16
5 19
59 9
29 32
40 1
93 25
67 27
89 27
111 15
103 25
57 22
53 10
11 11
97 28
33 0
92 21
51 11
74 1
63 0
89 4
71 7
97 8
111 31
42 5
106 29
65 21
9 13
12 32
48 32
94 15
103 8
15 16
63 12
107 13
104 9
7 23
52 6
34 5
65 14
58 5
39 30
90 26
98 14
9 32
105 18
68 23
43 15
121 13
120 29
13 9
113 35
21 8
121 25
32 9
109 21
71 35
19 4
101 21
105 22
73 5
113 14
93 14
45 19
84 13
11 20
65 0
3 30
31 14
21 2
23 14
111 24
32 14
120 34
110 20
23 10
63 27
40 14
33 32
67 12
87 31
10 22
25 27
83 31
31 2
87 30
31 5
57 8
30 22
21 33
92 17
55 16
101 13
79 6
65 23
8 14
80 4
105 0
44 8
87 4
23 18
58 13
115 18
82 8
80 24
19 18
108 14
53 29
110 33
26 19
16 2
89 9
105 21
5 12
20 21
65 20
77 17
35 31
117 9
31 29
62 25
27 24
88 7
102 30
83 25
29 24
3 35
33 16
38 35
9 6
72 21
108 3
102 17
53 0
39 29
63 29
56 1
64 29
24 23
23 0
94 20
75 31
18 1
10 3
41 1
10 24
114 33
9 2
52 2
93 32
103 17
86 2
85 9
40 11
67 7
94 2
112 13
48 8
71 23
95 28
70 12
111 8
57 12
16 4
47 31
44 23
100 15
74 19
4 18
34 35
26 28
60 4
18 21
32 16
65 0
106 19
6 11
24 6
53 13
11 6
72 26
33 23
55 4
58 32
103 23
92 23
120 4
31 16
94 14
97 10
44 17
117 27
70 20
49 23
95 33
89 11
66 8
88 31
27 8
120 21
104 29
32 23
84 29
69 27
6 16
29 7
99 9
25 3
16 27
16 5
66 24
58 25
64 28
120 8
113 9
67 5
10 9
14 18
50 35
97 26
66 18
97 12
75 14
14 4
53 5
17 33
25 17
18 14
102 32
86 19
74 13
38 5
92 8
29 30
51 25
103 35
109 10
78 3
101 13
93 35
10 27
65 16
105 7
41 4
18 15
20 18
24 9
120 5
46 16
29 27
8 12
53 25
119 11
14 6
21 13
91 33
14 1
25 10
10 35
83 4
57 30
54 0
90 25
4 9
55 34
105 0
48 31
34 26
24 22
30 15
103 21
40 3
7 3
17 25
26 23
120 33
30 16
84 31
91 11
13 9
17 13
39 29
39 12
118 21
1 29
43 1
76 35
86 3
51 0
92 3
23 35
110 6
89 24
12 30
13 13
24 1
106 8
116 16
86 12
26 3
55 9
120 13
4 31
4 16
101 10
9 11
48 24
68 16
113 9
84 5
75 3
91 2
10 21
68 26
39 12
80 29
7 32
1 15
103 32
118 7
38 20
112 11
12 3
65 25
23 13
20 25
83 10
5 31
49 33
110 4
92 12
50 9
42 2
111 31
80 6
15 31
63 30
49 0
12 21
111 29
85 24
41 4
91 24
110 32
48 26
69 30
98 22
90 35
51 14
12 21
79 22
83 22
6 9
97 11
0 17
99 23
33 7
63 26
98 19
79 18
45 6
31 0
96 16
72 15
48 4
105 24
78 14
100 25
86 18
107 27
39 7
27 20
115 29
44 20
42 22
54 20
119 12
120 18
110 19
50 4
100 31
12 30
44 26
105 31
112 32
64 28
83 11
46 23
45 0
90 19
100 11
26 27
119 21
108 27
36 15
73 11
84 6
79 26
107 20
94 35
104 2
59 34
103 27
60 20
108 31
62 21
76 22
19 12
13 8
16 33
13 23
104 34
40 29
121 3
78 9
6 21
32 13
40 4
109 25
19 3
111 5
11 17
38 8
24 5
87 31
10 3
99 2
104 33
15 34
96 31
110 17
35 4
63 2
101 33
81 11
52 10
76 34
72 22
76 7
108 2
110 18
30 3
101 11
115 22
58 29
55 23
98 20
35 12
1 22
15 35
59 2
69 22
36 28
91 25
64 11
38 1
53 35
89 10
16 28
110 28
80 29
60 8
73 1
79 10
79 15
92 11
93 22
15 3
43 22
42 26
95 13
25 9
26 10
70 32
64 10
97 6
44 23
115 14
119 15
60 3
25 5
57 22
106 22
27 26
57 27
2 23
73 29
74 23
63 20
105 12
31 18
39 34
78 3
62 0
25 5
59 25
108 13
24 11
66 12
26 33
112 33
34 0
111 17
93 0
98 18
9 19
44 0
68 1
7 8
42 19
103 23
23 21
74 13
46 22
94 26
22 8
110 17
17 21
103 4
109 27
13 29
67 34
24 13
22 10
31 6
1 5
72 23
84 9
38 28
28 3
25 26
20 20
55 10
35 19
39 18
47 14
28 33
18 24
101 0
115 33
118 27
94 9
78 10
114 31
62 3
111 20
97 24
105 17
81 24
97 7
98 4
98 13
92 33
87 15
13 23
58 31
7 10
65 25
60 14
39 4
72 13
14 12
23 21
66 21
88 24
57 8
40 33
39 16
66 14
17 31
63 35
105 12
94 8
38 20
1 23
55 0
5 35
101 20
31 31
118 29
56 29
59 33
47 28
52 16
55 8
45 25
116 1
10 35
13 12
28 1
35 3
10 11
37 32
115 12
75 27
89 2
68 24
105 3
37 6
66 27
68 23
53 10
75 9
22 3
0 35
29 24
65 10
85 22
111 14
2 0
4 21
10 12
41 20
21 11
34 30
55 29
104 17
98 13
72 11
84 25
23 25
86 16
79 31
100 18
24 33
108 32
13 13
11 13
48 10
43 13
99 32
97 31
34 21
4 30
72 19
70 33
73 5
102 7
97 22
114 35
81 15
68 8
65 4
7 9
66 34
102 23
75 3
92 19
107 4
11 11
90 21
18 34
54 20
66 2
6 1
19 27
109 0
101 29
0 28
79 19
84 5
0 3
120 24
76 30
55 4
60 31
56 16
86 5
51 14
116 23
108 18
0 19
5 31
101 12
14 24
121 12
40 20
76 16
93 6
20 0
21 28
27 9
23 17
87 3
7 34
9 34
58 15
64 17
116 17
25 23
102 31
74 35
30 30
23 24
39 13
78 29
74 2
20 7
57 14
96 6
26 26
119 8
20 11
84 11
7 17
103 4
117 19
78 10
94 22
6 12
76 30
90 12
105 13
116 23
78 27
34 19
89 20
63 26
102 21
111 12
34 7
109 0
46 33
98 21
61 23
117 29
105 32
24 20
120 26
82 13
41 30
96 3
27 35
109 33
7 7
106 11
101 17
59 19
97 5
106 6
4 12
66 28
93 13
55 14
7 28
108 20
74 11
36 28
5 28
113 19
54 15
6 23
74 5
107 29
75 6
48 0
15 28
66 4
106 8
47 31
48 8
91 1
64 26
83 1
91 19
97 27
64 10
42 8
83 15
108 6
88 20
82 31
12 22
115 31
30 28
103 1
8 20
46 18
88 23
108 4
81 17
56 18
13 16
3 18
108 22
55 31
7 5
46 21
29 34
82 0
0 7
16 21
32 7
59 21
91 12
59 25
0 34
46 12
70 17
68 12
17 17
50 8
35 34
2 1
39 3
96 26
16 16
76 0
96 2
20 21
22 23
91 11
54 20
100 5
85 12
103 26
80 25
90 30
34 30
90 17
48 30
67 16
115 18
119 11
111 6
69 34
97 5
26 16
54 14
66 29
15 20
56 1
21 24
24 3
94 14
59 19
29 31
75 1
77 16
84 21
39 8
27 35
35 16
8 11
24 21
93 22
93 24
73 1
56 20
52 25
42 9
54 16
68 26
9 18
16 20
85 9
95 10
98 23
32 11
101 31
36 2
88 27
14 20
35 27
24 32
90 20
5 12
66 33
24 33
24 16
37 10
21 22
45 15
78 27
63 4
48 22
13 17
73 7
17 0
100 28
57 12
34 33
25 10
98 28
25 12
56 1
75 16
108 17
118 29
57 12
95 33
120 30
99 14
10 27
111 14
57 31
48 6
77 25
96 17
82 17
3 30
44 16
120 30
68 3
74 5
8 16
17 30
14 2
112 24
103 19
102 21
16 10
97 17
110 9
98 5
31 20
38 16
51 27
19 33
35 1
91 9
63 25
8 32
59 32
67 20
99 3
96 32
74 27
116 32
76 1
108 12
49 10
18 21
100 6
90 9
87 20
18 11
42 1
54 33
91 23
7 22
97 6
84 21
52 17
86 6
85 20
120 22
46 4
2 11
84 15
99 1
60 2
55 27
51 19
93 17
69 22
0 2
100 12
54 6
66 33
24 24
107 31
30 34
24 24
36 34
119 3
97 12
89 23
74 28
115 20
78 25
59 1
45 21
13 2
103 32
104 8
68 11
84 17
104 16
65 11
52 26
102 26
46 33
24 34
42 33
112 29
46 14
7 10
88 20
72 0
24 19
97 10
29 20
77 31
34 13
58 12
92 34
26 9
67 35
51 22
15 16
0 22
91 11
96 33
97 7
120 10
90 28
16 29
116 22
18 1
24 3
15 1
94 2
81 23
98 22
106 4
83 13
87 34
44 19
58 30
34 35
106 7
93 17
95 20
32 8
111 33
13 16
118 6
18 12
8 11
49 25
52 15
59 3
54 1
63 15
23 3
116 26
97 19
92 8
34 29
68 27
47 14
26 34
41 19
99 7
29 6
46 0
20 6
50 10
24 14
65 6
103 20
54 1
74 32
115 33
40 23
84 32
45 17
84 11
119 26
75 20
113 29
23 28
37 32
50 14
89 35
21 15
97 24
44 34
65 8
107 28
53 29
41 15
58 26
112 19
83 14
14 21
95 14
108 8
120 30
20 8
115 22
85 33
27 34
53 9
57 35
84 6
48 17
110 23
80 15
85 34
40 16
75 18
64 0
87 3
98 26
34 32
121 29
69 35
80 5
1 30
71 22
55 0
29 28
64 2
94 34
120 2
50 9
9 29
61 5
75 35
11 7
101 12
100 18
36 17
99 25
31 6
70 33
25 22
0 1
72 12
69 33
45 9
29 11
58 13
97 10
107 34
23 11
70 34
0 7
38 3
83 1
20 22
57 30
29 8
34 4
18 26
80 0
94 25
30 5
19 35
121 16
80 30
116 28
55 28
84 2
72 19
98 27
95 30
92 11
68 34
121 30
10 26
85 26
47 34
94 3
29 19
120 19
62 12
114 31
111 23
117 6
76 34
101 12
110 19
76 17
27 10
15 17
51 10
29 21
0 4
108 32
107 26
78 21
42 0
79 23
49 31
93 20
16 18
77 6
11 34
51 7
25 27
41 18
5 5
43 24
76 21
50 31
9 14
3 29
77 35
85 7
58 29
24 4
28 3
7 6
69 13
109 10
96 1
115 13
69 31
45 25
105 11
16 18
42 27
8 18
25 26
6 19
48 13
19 11
90 31
26 22
12 20
21 15
109 24
1 33
62 18
46 26
98 5
106 32
24 8
83 14
108 2
70 34
39 27
89 7
93 0
69 9
56 30
94 7
55 4
19 31
17 6
42 3
112 7
55 2
16 33
102 13
5 20
6 30
70 1
81 16
86 10
30 22
7 24
70 2
64 22
10 35
4 16
76 28
54 35
81 13
111 35
62 10
87 11
40 33
63 29
31 1
30 19
22 4
98 12
113 4
113 33
89 29
93 25
71 35
4 9
119 7
58 2
13 18
66 29
102 35
83 6
50 16
18 33
77 1
84 27
17 7
94 15
27 24
27 10
28 35
12 32
117 25
68 6
23 2
25 16
34 5
74 33
104 5
82 4
88 10
45 6
15 7
60 27
86 19
87 8
18 34
14 20
117 4
69 4
31 1
67 18
72 35
67 16
9 35
25 7
35 2
108 34
109 27
120 32
7 25
40 17
80 8
61 18
9 2
79 21
114 8
10 27
120 14
101 3
18 24
18 24
88 15
91 14
78 7
15 4
45 32
4 16
50 20
0 12
7 27
49 1
12 31
15 24
77 5
9 6
65 5
41 10
12 16
87 34
99 7
6 27
37 21
12 1
45 11
48 28
13 1
5 26
117 11
39 30
111 34
26 5
69 13
4 18
31 22
43 32
35 2
34 27
46 25
116 14
48 25
17 2
13 21
121 15
3 2
84 12
54 32
106 18
41 34
119 13
58 21
27 19
33 15
45 20
13 12
80 35
19 25
55 14
105 13
7 27
16 29
76 17
73 28
102 19
88 3
22 16
105 9
44 12
10 25
23 7
4 15
26 10
34 25
48 14
117 22
29 34
43 5
104 26
15 8
82 33
96 11
33 10
46 20
7 27
110 0
34 7
113 30
81 14
1 21
47 21
6 10
66 1
15 33
0 31
83 13
117 24
81 15
39 30
45 1
41 30
16 19
41 24
9 22
10 12
67 2
91 11
27 33
38 35
65 1
73 9
80 19
58 30
103 11
70 14
99 3
84 2
54 5
97 16
108 9
49 5
101 4
1 4
2 23
114 16
81 6
106 3
113 23
83 13
16 21
23 4
51 21
27 25
80 4
116 29
95 22
71 31
114 4
72 31
71 15
51 26
20 20
82 19
8 34
117 10
93 32
12 34
14 21
12 25
35 21
97 34
18 9
22 3
110 6
28 21
2 3
48 19
91 30
95 29
33 23
37 22
94 22
33 25
27 32
17 10
111 28
91 28
44 35
56 1
77 27
106 8
50 27
48 28
35 24
49 11
0 29
42 10
88 5
9 0
49 21
110 5
54 21
99 2
40 27
29 15
96 17
28 17
44 27
105 20
30 25
67 34
57 33
110 6
31 24
56 4
44 1
25 27
71 8
77 28
36 13
25 22
88 35
98 35
61 6
62 30
93 5
27 29
51 23
61 25
92 31
17 2
0 9
119 14
41 2
84 28
13 26
26 30
88 33
31 4
107 9
113 6
39 13
33 2
17 13
98 31
115 24
22 17
48 35
51 2
104 31
89 21
116 19
100 13
67 32
75 7
85 1
6 25
83 6
36 29
51 21
54 15
59 9
112 1
36 32
79 31
108 33
104 25
38 3
32 22
62 10
27 14
109 28
18 32
37 16
113 15
5 26
92 31
57 10
67 32
68 27
61 35
106 29
118 29
3 17
36 31
10 16
84 11
45 29
96 2
52 13
29 30
23 25
99 22
36 5
92 32
112 27
108 12
56 9
116 8
23 7
29 6
91 28
87 35
101 6
86 29
119 26
99 2
43 8
20 28
27 30
45 23
16 25
24 34
1 18
110 15
2 0
74 12
29 18
0 3
94 0
103 9
46 23
108 4
79 23
30 23
35 26
59 24
85 23
12 30
28 24
88 13
90 8
53 0
94 25
4 11
3 31
113 13
52 0
86 19
74 18
79 3
112 20
82 2
36 4
89 21
13 20
8 13
12 2
26 14
57 2
0 5
20 0
15 28
37 16
118 4
57 22
83 32
72 4
16 7
54 35
81 23
12 25
14 24
25 32
99 3
15 0
3 9
22 14
71 23
106 3
82 22
101 16
93 11
12 1
63 7
62 1
15 23
78 23
110 18
78 25
87 22
24 27
14 15
9 7
80 18
112 26
5 19
56 35
95 4
39 22
76 25
26 25
1 14
95 15
97 6
51 35
39 35
104 33
113 34
24 28
97 21
59 0
65 1
87 25
57 14
46 19
54 13
0 25
93 4
60 5
7 5
24 25
120 0
12 33
7 30
109 28
61 5
116 5
21 25
64 33
84 12
23 29
22 20
77 30
60 17
2 15
44 12
12 26
73 3
13 2
115 34
10 34
41 2
34 5
39 35
66 33
17 6
82 11
107 26
84 17
92 7
4 6
74 25
71 34
71 13
22 14
112 32
17 19
35 19
120 12
10 22
85 25
21 9
68 3
106 33
14 21
36 32
61 4
113 3
42 21
59 5
73 27
11 12
83 13
60 32
35 23
54 24
17 12
49 29
33 28
65 33
79 10
75 25
5 2
110 10
118 16
108 32
55 0
86 35
1 35
41 7
41 32
10 25
40 5
118 0
25 30
47 24
88 2
106 21
78 2
81 0
52 34
66 5
2 27
58 21
15 23
28 12
54 12
115 9
113 34
92 24
49 16
18 35
105 10
14 14
28 22
104 7
68 4
59 22
30 14
47 14
111 13
95 33
103 16
10 27
36 30
48 23
113 13
38 9
95 29
72 16
20 0
69 6
42 9
52 22
81 1
12 3
21 3
4 32
89 21
3 26
40 34
90 0
81 13
47 15
26 26
47 26
82 17
64 23
23 27
25 2
93 24
2 35
57 8
101 35
21 32
6 14
27 32
24 29
2 34
82 25
10 17
95 10
112 20
34 18
46 1
29 24
32 24
51 15
48 4
1 2
67 21
101 35
77 9
98 25
29 15
117 18
12 24
73 12
74 1
35 23
32 8
76 12
69 0
16 6
82 30
120 23
115 16
0 3
44 12
41 24
8 26
45 24
74 10
64 24
96 29
48 13
74 24
35 30
101 30
67 1
80 15
119 20
120 14
29 19
48 17
89 19
85 26
59 25
57 16
95 24
92 5
64 8
73 0
83 30
54 1
1 29
78 6
26 4
21 23
42 1
12 22
93 29
118 20
83 20
48 15
110 34
28 17
18 31
108 32
49 1
38 1
78 8
121 29
64 15
39 2
52 18
10 15
69 17
81 7
53 4
120 30
6 23
96 10
20 34
86 1
8 11
111 1
12 34
63 35
14 22
97 32
34 23
120 14
90 18
117 18
117 20
11 14
39 27
8 9
9 22
115 25
3 14
13 17
96 11
96 10
88 20
41 17
104 31
54 26
89 10
57 28
30 32
93 19
93 29
31 3
34 22
35 14
84 11
27 21
107 19
70 23
78 26
59 34
101 16
57 17
8 25
71 2
116 33
27 6
26 34
38 18
28 13
16 19
121 28
108 27
60 11
66 12
97 8
56 3
34 28
32 22
54 35
38 22
24 16
56 20
17 29
6 28
44 32
116 31
56 7
114 32
72 25
7 8
108 24
88 14
59 3
51 2
37 17
44 12
20 18
116 30
74 25
89 33
76 0
5 22
87 24
85 24
71 12
44 9
65 22
62 33
28 17
85 3
42 2
105 1
89 23
85 29
25 35
4 35
116 2
108 16
50 6
63 2
61 1
46 14
32 15
115 2
31 4
120 6
91 4
50 30
29 28
20 22
81 11
62 18
44 12
116 17
43 10
67 26
99 5
99 1
104 5
48 33
3 12
72 4
24 3
90 3
55 14
14 16
18 18
70 32
7 26
93 28
108 10
48 7
118 11
79 15
33 25
16 16
19 25
69 5
2 27
73 23
96 25
52 16
116 12
102 30
21 0
117 14
2 0
104 23
95 34
82 1
78 4
32 20
109 13
53 8
103 25
115 12
30 28
30 30
44 4
25 32
100 19
11 10
97 16
53 16
77 34
88 0
58 20
83 18
7 12
105 22
30 12
40 25
9 11
89 17
19 32
71 18
60 25
108 34
99 2
48 31
119 31
3 1
68 9
74 25
73 23
28 28
40 31
119 34
78 31
8 17
25 34
25 21
112 33
51 28
24 29
117 16
36 24
107 11
92 15
117 15
75 7
84 6
83 28
67 2
89 23
105 4
28 35
44 2
104 18
84 34
13 24
53 31
61 2
110 33
113 8
80 12
59 18
74 35
7 25
98 4
13 25
27 30
55 27
82 19
29 20
113 1
8 30
65 16
58 30
2 27
9 28
30 18
18 31
74 11
20 14
94 29
36 3
64 8
65 5
27 26
104 29
82 23
62 4
96 28
58 34
8 30
4 22
76 34
41 2
25 0
113 12
23 27
18 3
57 18
76 24
99 8
108 24
119 17
105 31
108 34
61 32
2 15
97 6
65 20
106 27
117 7
81 31
110 13
114 28
106 34
55 14
0 30
18 22
60 18
119 34
121 34
92 12
61 12
62 29
118 6
45 31
116 13
71 18
77 7
21 26
10 22
4 6
95 31
87 15
111 9
61 13
18 4
80 32
75 21
113 6
101 28
85 10
5 4
25 29
69 13
109 15
10 26
23 6
42 18
14 18
26 9
45 5
13 12
17 22
94 20
50 11
44 28
59 32
18 19
82 22
118 24
115 4
12 9
106 0
65 29
62 0
69 12
32 21
117 30
8 14
55 2
80 33
83 32
64 30
117 4
50 15
70 3
61 6
17 34
93 27
7 18
2 1
1 13
52 13
98 3
33 16
102 34
7 24
101 10
46 20
119 13
93 5
112 16
113 24
20 19
93 12
49 17
94 8
121 17
68 18
97 13
74 13
99 27
54 25
57 21
83 11
121 6
63 25
45 15
95 2
110 7
98 11
112 16
14 6
1 34
119 27
72 25
106 24
55 35
84 24
88 25
93 14
65 30
36 17
58 12
57 20
62 21
71 21
107 11
9 23
110 25
56 4
27 25
80 1
11 6
46 22
52 13
59 4
107 17
53 20
30 13
12 5
101 33
28 22
96 8
109 15
51 13
113 22
117 2
95 32
3 26
80 13
70 30
50 33
95 1
10 1
48 35
9 16
96 25
63 31
94 11
54 24
9 16
7 20
48 24
76 24
61 18
65 15
42 7
117 13
27 11
40 31
49 26
64 9
110 25
59 8
18 26
101 24
34 12
3 12
106 17
68 29
77 5
1 21
27 5
96 24
25 0
47 15
45 15
41 2
96 7
1 10
54 15
94 24
68 5
29 28
100 3
73 3
0 9
98 7
36 8
84 21
75 35
80 12
37 15
68 12
20 27
119 27
13 5
109 4
13 10
2 21
84 5
75 31
108 33
26 12
25 14
53 14
117 31
33 34
42 10
30 0
2 3
52 1
10 31
65 16
1 1
51 5
70 35
92 4
52 24
113 4
32 20
112 32
118 15
100 24
86 3
88 25
70 15
26 14
61 9
119 8
113 14
91 10
91 26
75 15
15 15
78 2
77 21
41 0
14 5
98 31
65 13
41 32
92 15
53 16
83 16
62 34
8 18
20 28
63 11
90 18
48 25
27 13
49 5
66 6
47 34
6 29
61 1
10 6
42 6
100 18
36 12
102 21
31 0
15 9
86 19
86 7
6 8
15 33
43 8
75 3
21 3
119 12
59 27
7 8
77 25
37 23
7 7
92 31
74 8
33 10
12 18
0 5
96 21
63 16
0 27
120 3
120 0
89 28
94 13
61 19
67 34
3 15
101 17
117 34
26 0
105 30
36 3
63 4
0 18
86 7
120 29
76 6
119 3
2 33
67 6
64 25
93 16
100 29
44 20
11 35
64 14
90 28
58 15
5 29
115 1
104 1
89 33
37 2
100 28
77 25
121 35
93 10
82 17
61 34
92 31
109 17
75 7
31 24
91 15
69 10
8 24
3 17
78 33
84 31
39 3
114 25
103 11
64 35
96 19
46 13
63 4
19 2
9 25
103 24
102 32
29 12
52 0
30 0
98 6
109 21
75 2
6 0
96 12
9 13
30 14
101 20
70 20
23 26
53 6
27 2
101 32
45 19
88 4
75 10
66 26
17 26
24 9
13 32
7 29
87 4
7 18
113 27
96 5
0 18
92 15
64 15
47 1
31 28
47 33
40 34
118 21
112 19
97 5
19 8
38 26
17 15
115 11
10 11
97 4
25 14
51 12
112 11
0 35
86 2
1 23
79 17
40 12
85 13
104 24
36 12
119 2
63 0
85 5
73 31
40 28
110 30
63 12
64 23
81 15
54 21
112 2
55 20
99 12
58 8
107 27
111 1
12 2
80 9
58 17
58 2
117 22
106 11
52 7
119 20
85 5
42 20
1 23
102 6
28 4
76 3
100 20
112 18
92 34
98 33
29 11
31 10
34 27
82 2
44 33
49 20
21 26
67 4
114 19
47 34
29 33
84 6
67 24
113 33
1 19
49 35
9 19
88 24
30 19
60 5
20 19
113 22
77 4
28 0
34 5
24 35
30 13
108 16
7 29
111 8
42 22
67 14
88 5
40 13
107 4
106 5
44 11
49 21
14 13
81 30
53 25
65 11
44 28
13 12
52 26
65 20
80 23
82 28
110 14
87 11
30 31
31 16
88 29
81 14
112 5
112 11
85 23
33 20
104 2
38 13
68 26
1 24
18 7
75 28
103 34
95 4
71 1
28 7
111 32
69 20
88 0
121 0
68 34
110 23
75 22
24 3
19 18
2 5
104 32
108 20
115 5
29 29
60 35
61 0
8 19
16 15
90 32
103 19
108 1
52 20
67 22
67 27
73 34
64 29
103 18
47 16
39 22
99 12
107 20
82 5
102 2
7 6
15 8
37 3
84 0
13 9
59 12
64 35
29 13
1 3
98 2
3 19
3 10
51 35
81 34
63 28
0 26
80 3
81 13
90 8
39 9
56 4
81 2
116 25
12 35
92 6
81 30
105 16
66 6
0 16
81 1
3 1
49 17
106 30
48 34
102 35
52 5
113 3
66 20
87 8
114 5
64 10
104 2
90 6
106 8
7 12
19 35
40 14
20 30
94 5
103 34
3 21
92 32
113 28
111 33
58 21
32 29
74 8
53 27
94 29
67 23
83 10
48 35
61 9
106 33
19 6
106 24
93 11
84 17
7 16
66 35
33 23
53 8
75 19
101 9
77 15
99 23
102 7
49 2
30 29
80 9
121 10
95 25
0 24
27 9
73 20
81 0
19 24
68 1
68 31
93 35
88 13
99 35
4 27
57 12
67 12
28 17
84 33
1 19
98 33
24 15
120 14
78 25
21 21
8 11
13 4
39 22
55 15
103 27
95 4
52 9
48 20
101 13
2 28
86 13
65 20
100 25
17 19
19 23
72 31
8 18
92 0
91 0
19 22
57 20
47 28
2 4
41 9
17 21
116 20
41 5
36 20
119 35
90 24
0 1
3 4
46 31
17 25
91 7
77 18
101 34
78 3
28 13
103 9
78 16
65 2
31 0
106 31
116 8
49 11
3 19
57 15
96 18
26 0
91 18
104 35
100 26
19 15
82 34
13 4
50 31
98 20
58 14
94 2
45 32
39 5
49 28
103 10
3 9
77 8
110 35
25 19
85 33
120 9
50 19
117 12
104 22
9 1
15 30
2 9
8 24
58 9
46 10
43 29
101 25
32 33
44 13
50 4
47 2
119 27
70 4
8 18
35 7
23 22
111 17
50 35
48 1
41 6
19 7
110 25
115 27
24 17
60 35
3 26
77 10
16 7
114 9
63 24
40 5
65 30
21 22
108 27
33 24
99 7
65 14
22 20
0 31
64 3
65 5
62 12
19 20
41 26
88 25
8 27
109 9
39 25
2 9
97 21
23 7
87 24
87 3
49 5
70 31
76 17
32 18
66 8
92 12
39 9
54 27
73 9
39 27
118 8
91 14
72 18
118 19
32 34
80 14
69 17
89 31
2 25
99 26
57 2
104 24
83 0
104 12
22 5
95 3
111 22
52 34
48 21
103 6
66 23
18 27
84 5
14 26
41 5
45 26
93 4
39 16
88 29
92 27
71 3
21 35
12 23
62 7
69 22
9 24
101 0
5 28
115 18
72 25
44 14
91 23
56 26
74 24
28 12
117 4
89 30
114 3
97 30
15 8
89 33
36 31
66 33
104 13
90 27
118 20
38 29
62 24
45 0
40 27
9 29
101 24
31 2
2 24
94 10
96 33
62 27
95 26
81 2
70 3
2 15
117 7
69 32
44 26
54 16
110 27
108 34
81 35
45 7
15 23
74 1
23 1
67 25
101 5
49 12
101 33
44 12
33 17
97 28
10 13
48 22
111 35
1 17
71 6
105 19
121 12
64 15
56 10
40 34
63 18
86 27
18 3
101 2
18 34
88 0
115 19
47 35
76 25
66 5
25 35
78 3
36 12
11 34
107 0
117 28
14 1
103 9
114 18
28 32
13 3
80 18
33 5
9 27
116 20
29 14
29 11
15 9
79 26
19 28
56 6
24 24
120 34
6 29
20 23
9 15
52 6
77 12
45 4
43 30
96 35
103 13
59 22
92 14
102 3
4 29
67 28
4 17
8 21
14 24
54 22
92 28
15 2
113 6
41 3
70 2
7 30
77 18
44 28
38 18
79 17
75 19
50 8
48 29
66 28
29 7
47 32
104 16
18 16
104 23
73 2
37 9
109 12
92 20
78 3
70 29
24 21
58 24
56 28
98 22
29 9
118 22
54 26
74 32
18 25
100 15
2 10
82 4
71 14
50 13
95 0
59 28
7 11
16 9
11 4
50 25
111 9
81 16
58 12
50 24
13 32
32 3
49 2
68 19
75 28
0 25
49 21
119 10
14 32
1 18
71 30
70 14
83 18
118 33
121 21
15 11
101 6
7 17
24 14
19 11
47 32
78 2
104 31
47 19
0 22
119 30
48 33
11 0
73 33
6 15
111 31
54 29
98 4
21 15
20 18
89 25
110 27
32 17
89 30
16 18
94 0
12 19
48 4
56 1
91 35
112 35
71 3
80 14
108 34
39 18
97 5
16 28
56 24
103 14
39 26
96 24
116 23
79 11
16 18
68 0
8 32
63 3
81 17
59 13
67 26
89 32
24 34
73 16
64 15
94 11
10 9
42 23
33 12
28 26
27 1
42 6
84 8
43 8
98 20
77 27
84 25
51 3
24 5
78 32
50 18
53 2
32 30
16 0
69 17
78 6
16 9
76 4
118 24
110 20
93 26
91 20
12 6
46 5
34 28
37 34
101 11
56 28
28 3
60 20
99 6
119 29
61 3
35 13
5 3
46 13
110 8
110 7
117 2
80 10
29 8
68 9
47 1
68 20
36 0
28 21
89 9
99 25
18 4
108 22
106 18
15 12
30 2
49 14
14 24
121 18
17 17
49 8
105 23
5 8
23 27
6 0
101 35
91 35
41 1
41 10
13 29
74 21
30 21
60 5
63 33
109 29
36 8
73 21
52 10
68 13
61 13
111 1
15 18

156
9 6
107 12
36 10
55 1
116 17
0 5
92 5
17 17
43 2
115 11
28 24
44 18
102 33
75 3
17 10
111 15
95 26
90 17
93 9
40 17
67 28
68 23
39 32
87 23
48 17
38 21
95 18
12 14
46 31
20 11
6 26
80 31
6 13
74 31
87 32
16 21
2 5
73 13
105 28
100 7
110 3
72 6
67 28
120 13
52 11
18 7
38 20
93 17
30 21
99 29
103 20
116 27
29 15
99 33
56 21
32 25
97 17
57 2
91 27
116 10
88 10
15 35
102 13
21 2
66 12
41 6
61 5
36 4
61 15
82 13
75 30
106 28
25 21
24 13
53 19
73 22
73 16
21 30
117 30
22 2
113 15
23 22
69 24
47 27
82 19
95 15
98 26
99 9
72 32
100 35
78 2
106 28
56 28
10 24
119 15
104 33
89 13
44 28
64 4
120 15
119 20
116 9
19 13
45 21
44 27
94 30
7 35
9 34
4 29
88 24
64 1
8 25
112 13
17 20
31 35
41 9
86 33
67 16
10 9
20 28
50 30
1 24
101 18
63 3
98 20
30 16
108 29
111 21
28 6
75 8
27 5
77 25
109 20
103 18
39 32
99 32
68 28
70 23
32 17
103 5
67 32
53 18
95 14
82 30
96 27
115 6
56 7
111 29
13 8
22 8
66 23
79 15
67 15
31 28
92 22
115 30
